0 5.5974 2.6116
1 4.2090 4.3048
2 3.7679 4.9106
3 3.5366 5.0724
4 3.3883 5.6146
5 3.2825 5.2725
6 3.2006 5.5433
7 3.1367 5.6747
8 3.0837 5.8551
9 3.0382 5.6996
10 2.9986 5.9557
11 2.9639 5.7965
12 2.9341 5.9635
13 2.9061 6.1330
14 2.8821 5.7129
15 2.8586 6.0276
16 2.8386 6.1807
17 2.8198 5.7586
18 2.8022 5.8124
19 2.7864 6.2118
20 2.7704 6.1027
21 2.7557 5.7034
22 2.7415 5.9313
23 2.7293 5.8865
24 2.7172 5.9174
25 2.7058 5.9852
26 2.6950 5.7048
27 2.6828 5.9686
28 2.6741 5.8844
29 2.6645 5.6295
30 2.6570 5.7459
31 2.6471 5.8461
32 2.6392 5.6782
33 2.6310 5.8074
34 2.6231 5.8406
35 2.6171 5.9102
36 2.6099 5.7889
37 2.6024 5.5154
38 2.5970 5.9792
39 2.5897 5.9100
