0 4.9882 1.5209
1 3.9950 2.8977
2 3.5676 3.3218
3 3.3185 4.0417
4 3.1485 4.2302
5 3.0236 4.6095
6 2.9269 4.6828
7 2.8465 4.7269
8 2.7804 4.7695
9 2.7239 5.0608
10 2.6764 4.9767
11 2.6334 5.1851
12 2.5965 4.9502
13 2.5625 5.3138
14 2.5330 5.4470
15 2.5035 5.5782
16 2.4784 5.4057
17 2.4545 5.4330
18 2.4320 5.6552
19 2.4112 5.6234
20 2.3926 5.4979
21 2.3750 5.8204
22 2.3577 5.7139
23 2.3405 5.8154
24 2.3262 5.6443
25 2.3135 5.9323
26 2.2983 5.9216
27 2.2863 5.8538
28 2.2745 5.8248
29 2.2629 5.9484
30 2.2508 6.0270
31 2.2399 6.1745
32 2.2306 5.8361
33 2.2207 5.9044
34 2.2112 6.1616
35 2.2023 5.9430
36 2.1933 6.0645
37 2.1842 6.0784
38 2.1783 6.1620
39 2.1694 6.3584
